CREATE TABLE WeatherData (
	WeatherYear VARCHAR(4) PRIMARY KEY,
    JanAVG double NOT NULL,
    FebAVG double NOT NULL,
    MarAVG double NOT NULL,
    AprAVG double NOT NULL,
    MayAVG double NOT NULL,
	JuneAVG double NOT NULL,
    JulyAVG double NOT NULL,
    AugAVG double NOT NULL,
    SeptAVG double NOT NULL,
    OctAVG double NOT NULL,
    NovAVG double NOT NULL,
    DecAVG double NOT NULL,
	YearAVG double NOT NULL,
    PrecipAVG double NOT NULL
);
INSERT INTO WeatherData (WeatherYear, JanAVG, FebAVG, MarAVG, AprAVG, MayAVG, JuneAVG,
JulyAVG, AugAVG, SeptAVG, OctAVG, NovAVG, DecAVG, YearAVG, PrecipAVG)
VALUES ('2020', 30.98, 30.27, 36.88, 43.78, 53.17, 59.73, 67.8, 68.77, 58.12, 41.48, 32.28, 26.99, 46.4,0.05),
       ('2019', 25.3, 17.7, 28.6, 45.1, 52.6, 51, 67.9, 67.4, 57.46, 38.15, 32.25, 30.1, 43.8,0.05),
       ('2018', 29.25, 24.95, 36.95, 43.4, 58.35, 59.2, 68.35, 66.7, 56.65, 44.1, 32.2, 26.7, 45.5,0.04),
       ('2017', 13.95, 28.1, 40.3, 44.3, 54.4, 62.2, 73.6, 69.6, 56.9, 42.4, 33.9, 23.4, 45.2,0.05),
       ('2016', 24.3, 35.2, 39.7, 50.3, 54.1, 63.2, 66.7, 66.4, 56.2, 45.7, 37.8, 18.9, 46.5,0.06),
       ('2015', 26.0, 34.6, 41.5, 44.1, 54.5, 67.9, 68.6, 67.3, 57.0, 48.9, 29.2, 25.3, 47.1,0.03),
       ('2014', 29.1, 20.0, 36.7, 44.3, 54.3, 59.2, 72.0, 68.0, 58.8, 49.9, 29.4, 26.3, 45.7,0.06),
       ('2013', 22.0, 33.1, 38.1, 42.7, 55.1, 61.5, 73.0, 70.6, 61.2, 41.8, 33.3, 22.7, 46.5,0.05),
       ('2012', 28.0, 29.7, 39.4, 47.9, 51.2, 59.4, 71.8, 69.1, 60.2, 44.3 ,36.4, 28.4, 47.2,0.06),
       ('2011', 26.0, 23.0, 37.2, 40.3, 51.3, 57.4, 66.8, 69.9, 61.5, 46.2, 30.7, 25.5, 44.7,0.05),
       ('2010', 28.0, 32.9, 39.7, 44.3, 49.4, 59.0, 66.9, 66.5, 57.8, 47.9, 29.3, 21.1, 45.2,0.06),
       ('2009', 24.6, 30.3, 33.6, 43.8, 53.4, 60.8, 69.2, 67.1, 62.1, 39.7, 34.6, 19.5, 44.9,0.04),
       ('2008', 22.0, 34.1, 36.2, 41.2, 53.4, 59.5, 69.4, 67.9, 56.2, 45.3, 38.0, 21.3, 45.4,0.04),
       ('2007', 25.2, 32.7, 42.8, 46.1, 55.0, 63.0, 78.1, 68.0, 57.7, 45.8, 32.3, 27.7, 47.9,0.03),
       ('2006', 34.0, 27.9, 36.7, 46.4, 54.8, 64.0, 73.1, 66.6, 58.2, 44.6, 35.3, 25.8, 47.3,0.05),
       ('2005', 22.0, 30.9, 39.8, 44.3, 52.4, 57.2, 69.0, 67.6, 56.4, 46.6, 31.6, 19.5, 44.8,0.05),
       ('2004', 20.9, 29.3, 41.7, 46.8, 51.1, 60.6, 70.2, 67.7, 54.2, 45.0 ,33.5 ,29.7 ,45.9,0.04),
       ('2003', 28.9, 29.5, 38.4 ,44.9, 51.8, 62.0, 72.6, 70.2, 59.3, 48.0, 26.4, 26.5 ,46.5,0.03),
       ('2002',	27.5, 29.2, 29.7, 42.2, 49.7, 59.4, 70.8, 63.4, 57.3, 40.6 ,33.0, 29.3, 44.3,0.03),
       ('2001', 22.1, 22.9, 37.2, 42.8, 54.6, 58.2, 66.5, 70.0, 61.4, 44.2, 35.9, 25.8, 45.1,0.04),
       ('2000',	25.8, 31.2, 39.8, 46.4, 52.0, 60.1, 68.1, 67.1, 54.1, 43.0, 26.6, 20.4, 44.6,0.03),
       ('1999', 30.7, 32.0, 38.4, 41.6, 49.4, 57.4, 64.4, 67.6, 54.1, 44.6, 37.5, 29.8, 45.6,0.03),
       ('1998', 25.8, 31.0 ,38.2, 46.6, 55.2, 57.4 ,70.2, 68.1, 61.5, 43.1, 36.0, 25.0, 46.5,0.06),
       ('1997', 21.4, 26.7, 35.9, 40.8, 55.0, 59.1, 64.9, 66.8, 58.3, 44.8, 33.8, 25.7, 44.4,0.04),
       ('1996', 22.4, 25.3, 34.5, 45.5, 48.2, 60.3, 68.9, 64.8, 54.1, 44.2, 30.5, 23.9, 43.6,0.05),
       ('1995', 25.0, 34.5, 38.0, 45.0, 53.4, 59.0, 66.7, 64.1, 58.0, 42.2, 36.6, 27.2, 45.8,0.05),
       ('1994', 33.8, 26.2, 40.2, 48.1, 55.6, 59.9, 70.1 ,70.8, 60.5, 45.1, 31.6, 24.0, 47.2,0.03),
       ('1993', 15.2, 18.4, 38.5, 44.7, 58.8, 58.3, 59.4, 63.1, 55.4, 46.1, 27.0, 27.6, 42.7,0.03),
       ('1992', 26.6, 36.4, 43.3, 46.9, 56.4, 64.4, 64.1, 65.9, 54.7, 47.2, 31.1, 19.4, 46.4,0.04),
       ('1991', 21.5, 34.9, 35.8, 43.8, 51.1, 56.8, 68.4, 69.5, 58.3, 44.4, 30.4, 26.5, 45.1,0.03),
       ('1990', 31.4, 29.5, 37.9, 47.8, 50.4, 59.8, 68.1, 66.0, 62.6, 42.7, 36.1, 15.6, 45.7,0.04),
       ('1989', 26.7, 15.7, 32.5, 44.7, 52.2, 61.5, 71.2, 63.3, 55.9, 44.8, 37.2, 24.0, 44.1,0.04),
       ('1988', 20.5, 32.4, 38.2, 47.7, 52.0, 63.9, 67.0, 66.3, 56.3, 50.2, 34.3, 22.9, 46.0,0.03),
       ('1987', 20.5, 30.6, 38.0, 50.1, 55.9, 62.9, 64.7, 62.2, 59.3, 45.2, 34.1, 24.2, 45.6,0.03),
       ('1986', 26.0, 28.6, 41.7, 43.5, 54.3, 65.5, 62.5, 69.5, 53.0, 44.7, 31.7, 21.3, 45.2,0.05),
       ('1985', 19.2, 23.6, 36.2, 47.6, 55.3, 62.0, 74.8, 62.1, 50.5, 40.3, 21.6, 14.7, 42.3,0.04),
       ('1984', 25.3, 32.1, 39.7, 43.8, 49.3, 56.8, 67.2, 68.3, 52.8, 42.5, 33.9, 20.1, 44.3,0.04),
       ('1983', 29.9, 34.5, 39.9, 44.5, 51.8, 58.6, 62.1, 68.9, 51.1, 43.8, 34.3, 11.8, 44.3,0.04),
       ('1982',	21.2, 22.6, 38.3, 41.6, 51.0, 62.9, 64.6, 66.0, 56.2, 45.0, 29.0, 22.7, 43.4,0.05),
       ('1981', 29.5, 31.3, 40.0, 46.7, 53.4, 57.5, 65.0, 69.4, 56.7, 41.6, 32.7, 23.9, 45.6,0.04),
       ('1980', 16.3, 29.6, 34.5, 49.8, 54.6, 58.6, 65.5, 61.8, 57.0, 45.3, 34.2, 30.5, 44.8,0.05),
       ('1979', 5.5, 25.5, 35.9, 43.9, 52.2, 62.3, 69.2, 69.1, 61.3, 48.1, 27.1, 31.1, 44.3, 0.03),
       ('1978', 24.1, 27.3, 39.8, 46.0, 48.3, 59.6, 65.2, 63.5, 55.1, 45.3, 26.7, 15.9, 43.1, 0.03),
       ('1977', 18.5, 31.9, 34.2, 46.9, 50.3, 63.4, 65.8, 67.6, 54.5, 44.1, 31.3, 24.5, 44.4, 0.03),
       ('1976', 28.0, 31.7, 34.8, 46.3, 55.0, 56.8, 66.8, 63.2, 57.3, 43.8, 32.3, 24.4, 45.0, 0.03),
       ('1975', 22.7, 22.4, 33.0, 39.3, 49.1, 55.4, 71.8, 62.0, 56.0, 43.6, 30.3, 25.7, 42.6, 0.05),
       ('1974', 21.1, 31.9, 35.4, 45.9, 48.5, 65.0, 68.0, 65.1, 57.1, 46.2, 34.7, 27.8, 45.6, 0.03),
       ('1973', 21.5, 30.9, 38.9, 43.1, 53.2, 60.0, 69.6, 67.3, 56.4, 45.2, 30.2, 30.2, 45.5, 0.02),
       ('1972', 20.6, 28.1, 40.6, 42.6,	54.2, 62.0, 64.9, 66.3, 51.4, 42.5 ,33.6 ,19.2, 43.8, 0.04),
       ('1971', 26.2, 32.2, 35.5, 44.7, 54.5, 58.3, 67.0, 71.5, 51.8, 42.1, 33.6, 21.1, 44.9, 0.04),
       ('1970', 22.9, 32.2, 34.3, 39.7, 52.6, 63.0, 68.1, 67.7, 50.6, 41.5, 33.8, 22.5, 44.1, 0.04),
       ('1969', 17.9, 20.6, 29.0, 46.5, 54.2, 58.8, 64.3, 67.0, 56.8, 40.1, 31.8, 26.0, 42.8, 0.04),
       ('1968', 20.2, 32.3, 41.6 ,42.1, 52.5 ,59.8, 69.8, 64.1, 54.7, 42.0, 33.7, 21.8, 44.5, 0.04),
       ('1967', 31.0, 34.5, 34.0, 40.9, 51.4, 60.3, 70.0 ,71.2, 62.2, 44.5, 31.9, 22.8, 46.2, 0.03),
       ('1966', 26.2, 26.5, 35.2, 43.6, 55.1 ,58.1, 69.0, 66.7, 62.8, 43.9, 34.0, 29.5, 45.9, 0.03),
       ('1965', 24.5, 24.6, 25.5, 44.7, 48.9, 57.2,	65.0, 64.1, 47.8, 47.0, 36.4, 27.2, 42.7, 0.04),
       ('1964', 21.8, 22.6, 28.4, 42.1, 48.9, 57.0, 66.1, 60.8, 51.1, 42.1, 30.4, 19.4, 40.9, 0.04),
       ('1963', 8.7, 31.2, 38.7, 44.0, 53.6, 59.0, 64.0, 66.5, 59.4, 47.5, 34.8, 18.0, 43.8, 0.04),
       ('1962', 15.2 ,24.9, 30.9, 45.4, 50.1, 57.3, 64.1, 62.9, 54.8, 43.0, 33.9, 30.3, 42.7, 0.03),
       ('1961', 21.6, 34.2, 37.0, 42.1, 51.0, 64.7, 69.3, 70.3, 49.9, 41.1, 27.1, 21.5, 44.2, 0.04),
       ('1960', 16.7, 25.6, 32.9, 43.6, 49.7, 60.1, 72.2, 62.4, 56.4, 43.6, 32.9, 18.3, 42.9, 0.03),
       ('1959', 22.7, 22.6, 34.3, 43.5, 47.5, 59.2, 64.7, 59.9, 52.9, 42.4, 22.0, 24.1, 41.3, 0.06),
       ('1958', 28.0, 29.2, 33.6, 43.2, 60.3, 61.5, 65.2, 68.2, 54.4, 43.6, 30.8, 26.9, 45.4, 0.05),
       ('1957', 9.6, 21.6, 32.6, 43.2, 56.4, 59.0, 64.5, 63.0, 55.4, 40.7, 31.2, 31.1, 42.4, 0.04),
       ('1956', 22.1, 20.0, 30.8, 43.5, 54.4, 57.3, 65.9, 62.1, 54.8, 43.7, 29.6, 27.9, 42.7, 0.05),
       ('1955', 24.2, 20.9, 23.4, 39.6, 46.7, 59.3, 63.5, 63.4, 53.1, 43.9, 22.7, 20.8, 40.1, 0.05),
       ('1954', 21.1, 30.4, 29.6, 39.6, 52.5, 54.7, 63.6, 60.7, 52.9, 40.8, 37.9, 28.1, 42.7, 0.04),
       ('1953', 34.5, 32.2, 36.9, 41.0, 50.0, 56.1, 64.5, 63.8, 56.5, 45.6, 36.6, 30.6, 45.7, 0.04),
       ('1952', 18.7, 27.9, 31.1, 46.5, 53.5, 57.8, 62.4, 63.4, 56.7, 46.1, 30.8, 27.5, 43.5, 0.03),
       ('1951', 18.9, 27.8, 27.6, 42.2, 50.8, 54.5, 65.1, 61.3, 52.0, 41.0, 31.5, 16.0, 40.7, 0.06),
       ('1950', 3.9, 25.7, 30.4, 41.0, 49.1, 57.5, 64.4, 63.7, 54.8, 44.7, 30.8, 29.1, 41.3, 0.06)
    ;
--before 1950 certain records are missing.
